0001000000100100
0011000000100110
0001000000000000
0011000000100111
0001000000000000
0011000000101000
0010000000101000
0001000000001010
1111000000001101
0101000000011000
0010000000100110
0001000000100100
1111000000001010
0101000000010101
0001000000000001
1110000000000000
0010000000101000
0001000000000001
1111000000000000
0011000000101000
0100000000010111
0001000000000000
1110000000000000
0100000000000110
0010000000100110
0001000000100100
1111000000001010
0101000000100011
0001000000000001
1110000000000000
0010000000101000
0001000000000001
1111000000000000
0011000000101000
0100000000100101
0001000000000000
1110000000000000
0000000000000000
0000000000000000
0000000000000000
0000000000000000
