0001000000000000
0011000000011100
0001000000000000
0011000000011101
0001000000000000
0011000000011110
0001000000000000
0011000000011111
0001000000000000
0011000000100000
0010000000011111
0001000000000010
1111000000001101
0101000000011011
0010000000011111
0010000000011111
1000000000011100
0010000000011111
0111000000011100
0011000000100000
0010000000100000
1110000000000000
0010000000011111
0001000000000001
1111000000000000
0011000000011111
0100000000001010
0000000000000000
0000000000000000
0000000000000000
0000000000000000
0000000000000000
0000000000000000
